12
0.0000000000 0.1528300000 inf inf
5.0000000000 0.0645400000 inf inf
10.0000000000 0.0132500000 inf inf
15.0000000000 0.0016200000 inf inf
20.0000000000 0.0001733333 inf inf
25.0000000000 0.0000178571 0.0034960129 5.9784135618
30.0000000000 0.0000042276 0.0010107166 1.5268303049
35.0000000000 0.0000010626 0.0007798197 1.1132552979
40.0000000000 0.0000002542 0.0007300606 1.0241283286
45.0000000000 0.0000002172 0.0007300606 1.0241283286
50.0000000000 0.0000000110 0.0007165899 1.0000000000
55.0000000000 0.0000000080 0.0007165899 1.0000000000
