10
0
5
10
15
20
25
30
35
40
45
0.14658 0.09832 0.09835
0.06501 0.02857 0.0262
0.02351 0.00414 0.00296
0.00809 0.00055 0.000136
0.00235 5.83333e-05 6.53846e-06
0.00072 1.04082e-05 3.5221e-07
0.00032 1.46552e-06 2.99753e-08
8.28571e-05 4.47504e-07 4.24506e-09
3e-05 7.90453e-08 1.28875e-09
7.28571e-06 3.05389e-08 1.7e-10
0 inf inf
0 inf inf
0 0.000279085 0.000231161
0 2.34652e-05 4.00074e-05
0 1.8731e-05 3.78906e-05
0 1.83633e-05 3.77948e-05
0 1.82963e-05 3.77902e-05
0 1.82887e-05 3.77893e-05
0 1.82856e-05 3.77893e-05
0 1.82856e-05 3.77893e-05
inf inf inf
inf inf inf
inf 7.9561e-06 3.02718e-06
0.000644373 1.33491e-06 9.52144e-07
1.83768e-05 2.82603e-06 2.70907e-06
1.53375e-05 8.59396e-06 8.52361e-06
3.49884e-05 2.69789e-05 2.69475e-05
9.11714e-05 8.52444e-05 8.52112e-05
0.000276135 0.000269475 0.000269461
0.000857183 0.000852153 0.000852112
inf inf inf
inf inf inf
inf 29.5259 11.2342
756.207 1.56659 1.11739
6.81983 1.04877 1.00536
1.79994 1.00855 1.00029
1.29846 1.00122 1.00005
1.06995 1.00039 1
1.02477 1.00005 1
1.00595 1.00005 1
ebn0 ber coding_power transmission_power nrtx
