12
0.0000000000 0.1540400000 inf inf
5.0000000000 0.0637700000 inf inf
10.0000000000 0.0119400000 inf inf
15.0000000000 0.0008500000 inf inf
20.0000000000 0.0000540000 0.1238086051 221.4784755317
25.0000000000 0.0000032468 0.0009285741 1.3796993631
30.0000000000 0.0000001194 0.0007232851 1.0119922890
35.0000000000 0.0000000120 0.0007165899 1.0000000000
40.0000000000 0.0000000070 0.0007165899 1.0000000000
45.0000000000 0.0000000010 0.0007165899 1.0000000000
50.0000000000 0.0000000010 0.0007165899 1.0000000000
55.0000000000 0.0000000010 0.0007165899 1.0000000000
