12
0.000000000 inf
5.000000000 inf
10.0000000000 inf
15.0000000000 inf inf
20.0000000000 258881461413019.3125000000 1.0302508635
25.0000000000 255024111618104.4062500000 1.0000000000
30.0000000000 255024111618104.4062500000 1.0000000000
35.0000000000 255024111618104.4062500000 1.0000000000
40.0000000000 255024111618104.4062500000 1.0000000000
45.0000000000 255024111618104.4062500000 1.0000000000
50.0000000000 255024111618104.4062500000 1.0000000000
55.0000000000 255024111618104.4062500000 1.0000000000
